141
226
558
286
962
263
783
166
952
876
56
663
32
450
394
743
173
584
121
630
977
765
892
672
886
848
834
891
471
502
477
206
35
813
504
247
460
666
511
486
99
391
754
210
501
931
653
130
811
156
619
436
139
336
681
445
385
196
648
303
316
214
475
442
829
582
482
51
169
527
168
994
262
231
14
77
738
170
659
787
294
283
937
517
312
298
374
741
426
331
476
898
888
140
427
746
591
540
654
424
399
274
972
438
944
350
222
912
53
974
927
57
677
798
597
696
519
240
492
777
389
453
837
550
858
113
651
103
79
828
201
50
879
957
581
412
529
587
852
138
313
606
186
183
105
747
928
727
392
80
340
827
33
92
155
883
894
674
190
542
705
641
861
585
764
63
793
159
604
5
695
514
228
706
215
209
457
38
211
826
182
853
131
842
256
26
265
344
680
135
369
285
416
915
249
933
539
815
352
106
59
487
510
905
458
204
804
96
821
998
456
573
525
429
984
372
400
490
699
875
918
330
401
327
468
268
11
271
22
769
393
470
766
638
9
221
151
239
711
968
773
371
244
293
748
488
440
491
447
889
157
662
796
122
52
728
188
615
660
560
149
110
571
100
719
865
160
942
390
658
982
575
997
627
800
326
620
12
760
213
871
207
516
518
718
566
290
478
346
136
953
818
275
784
720
753
500
916
202
614
548
322
632
291
259
750
288
181
851
556
562
101
896
639
846
880
714
497
328
856
780
845
640
449
593
377
596
28
986
272
361
431
305
68
523
786
991
739
407
307
493
277
142
855
809
763
817
370
538
923
452
245
601
873
1000
194
116
567
761
948
707
425
626
704
98
119
48
193
590
716
698
751
881
859
618
854
409
568
161
996
802
163
13
549
670
726
235
413
909
592
433
60
701
62
441
34
791
624
321
1
304
964
598
673
541
836
740
94
935
267
72
934
951
264
926
737
611
713
629
831
266
89
790
203
23
83
729
408
940
577
583
580
776
91
820
770
195
999
343
588
546
913
178
956
309
807
849
198
232
43
969
310
810
217
227
733
147
922
257
243
860
966
823
530
459
870
768
992
644
536
895
117
832
21
55
537
843
936
82
929
557
646
544
318
353
792
132
84
862
473
36
396
480
602
104
177
300
281
349
762
1
2
3
4
5
6
7
8
9
10
11
12
13
14
15
16
17
18
19
20
21
22
23
24
25
26
27
28
29
30
31
32
33
34
35
36
37
38
39
40
41
42
43
44
45
46
47
48
49
50
51
52
53
54
55
56
57
58
59
60
61
62
63
64
65
66
67
68
69
70
71
72
73
74
75
76
77
78
79
80
81
82
83
84
85
86
87
88
89
90
91
92
93
94
95
96
97
98
99
100
101
102
103
104
105
106
107
108
109
110
111
112
113
114
115
116
117
118
119
120
121
122
123
124
125
126
127
128
129
130
131
132
133
134
135
136
137
138
139
140
141
142
143
144
145
146
147
148
149
150
151
152
153
154
155
156
157
158
159
160
161
162
163
164
165
166
167
168
169
170
171
172
173
174
175
176
177
178
179
180
181
182
183
184
185
186
187
188
189
190
191
192
193
194
195
196
197
198
199
200
201
202
203
204
205
206
207
208
209
210
211
212
213
214
215
216
217
218
219
220
221
222
223
224
225
226
227
228
229
230
231
232
233
234
235
236
237
238
239
240
241
242
243
244
245
246
247
248
249
250
251
252
253
254
255
256
257
258
259
260
261
262
263
264
265
266
267
268
269
270
271
272
273
274
275
276
277
278
279
280
281
282
283
284
285
286
287
288
289
290
291
292
293
294
295
296
297
298
299
300
301
302
303
304
305
306
307
308
309
310
311
312
313
314
315
316
317
318
319
320
321
322
323
324
325
326
327
328
329
330
331
332
333
334
335
336
337
338
339
340
341
342
343
344
345
346
347
348
349
350
351
352
353
354
355
356
357
358
359
360
361
362
363
364
365
366
367
368
369
370
371
372
373
374
375
376
377
378
379
380
381
382
383
384
385
386
387
388
389
390
391
392
393
394
395
396
397
398
399
400
401
402
403
404
405
406
407
408
409
410
411
412
413
414
415
416
417
418
419
420
421
422
423
424
425
426
427
428
429
430
431
432
433
434
435
436
437
438
439
440
441
442
443
444
445
446
447
448
449
450
451
452
453
454
455
456
457
458
459
460
461
462
463
464
465
466
467
468
469
470
471
472
473
474
475
476
477
478
479
480
481
482
483
484
485
486
487
488
489
490
491
492
493
494
495
496
497
498
499
500
