12
5
18
6
15
1
20
11
8
13
3
27
55
89
43
68
26
64
79
35
75
90
58
91
46
34
57
22
85
59
74
53
84
29
66
38
72
45
93
61
138
119
176
149
101
182
114
168
159
104
123
181
147
134
198
107
131
129
187
118
186
161
194
171
154
175
199
108
115
157
176
120
189
122
160
111
124
172
195
140
116
187
192
141
152
106
178
142
103
184
155
183
145
196
198
163
135
109
139
102
195
113
170
144
182
180
136
110
124
191
169
173
178
137
134
105
112
195
199
186
188
116
118
134
137
117
126
193
167
195
177
127
125
153
189
130
197
121
174
113
179
190
150
120
158
132
183
199
181
70
47
92
80
23
63
37
54
49
83
31
56
67
42
99
76
95
36
60
30
48
32
69
33
50
65
40
77
94
78
41
96
52
88
98
28
81
25
62
71
24
87
39
97
44
82
21
51
73
86
100
9
19
4
16
2
7
10
14
17
