14999
14997
14996
14994
14992
14989
14987
14986
14985
14984
14983
14982
14981
14977
14976
14974
14973
14971
14968
14966
14965
14964
14962
14960
14959
14958
14957
14956
14953
14952
14950
14949
14948
14944
14942
14940
14939
14937
14936
14932
14927
14926
14924
14923
14919
14918
14917
14912
14911
14910
14907
14906
14905
14904
14903
14901
14900
14899
14898
14896
14895
14894
14891
14890
14884
14880
14879
14878
14875
14874
14873
14872
14871
14870
14868
14867
14866
14864
14863
14861
14860
14859
14858
14857
14855
14854
14852
14851
14850
14848
14844
14843
14841
14839
14838
14837
14836
14835
14834
14833
14832
14830
14829
14828
14827
14826
14823
14821
14820
14819
14818
14817
14816
14815
14812
14811
14809
14806
14805
14804
14797
14794
14793
14792
14791
14790
14789
14787
14786
14785
14784
14782
14781
14780
14779
14778
14776
14774
14773
14770
14769
14767
14766
14764
14762
14760
14757
14754
14753
14752
14751
14750
14748
14747
14745
14744
14742
14741
14738
14737
14735
14734
14732
14731
14730
14729
14728
14727
14726
14724
14722
14721
14720
14718
14716
14714
14713
14712
14711
14707
14706
14703
14701
14698
14695
14693
14691
14689
14688
14687
14686
14685
14683
14682
14681
14680
14679
14676
14675
14674
14673
14672
14670
14666
14664
14661
14660
14659
14656
14655
14654
14652
14649
14648
14647
14646
14645
14643
14642
14641
14640
14639
14638
14637
14636
14634
14633
14632
14631
14630
14629
14628
14627
14626
14624
14623
14622
14621
14620
14617
14616
14615
14611
14609
14608
14607
14606
14605
14604
14601
14600
14599
14598
14596
14595
14592
14591
14590
14588
14586
14585
14584
14582
14581
14580
14579
14578
14576
14574
14573
14572
14570
14569
14568
14567
14566
14563
14562
14560
14559
14558
14557
14556
14555
14554
14553
14552
14551
14550
14549
14548
14547
14545
14543
14541
14540
14539
14538
14535
14533
14532
14531
14528
14527
14526
14524
14523
14522
14521
14519
14518
14517
14515
14513
14512
14511
14508
14507
14506
14503
14502
14501
14499
14498
14497
14496
14495
14494
14493
14488
14487
14486
14483
14482
14478
14475
14473
14472
14470
14468
14467
14466
14465
14464
14461
14460
14459
14458
14457
14456
14455
14452
14451
14449
14445
14444
14443
14442
14440
14439
14437
14433
14431
14427
14426
14424
14423
14422
14421
14418
14417
14415
14414
14412
14411
14410
14407
14406
14405
14404
14403
14401
14400
14399
14398
14395
14394
14393
14391
14388
14383
14378
14377
14376
14375
14373
14372
14370
14368
14367
14366
14365
14363
14362
14359
14358
14357
14356
14354
14351
14350
14348
14347
14346
14343
14341
14340
14336
14335
14334
14333
14331
14329
14328
14324
14323
14322
14321
14318
14316
14314
14312
14310
14309
14308
14307
14306
14304
14303
14301
14300
14296
14295
14293
14290
14289
14288
14287
14286
14283
14282
14281
14280
14278
14277
14276
14275
14274
14273
14272
14270
14268
14265
14264
14262
14261
14260
14259
14256
14254
14253
14252
14251
14250
14249
14248
14247
14242
14240
14239
14238
14237
14234
14233
14232
14231
14230
14229
14227
14226
14225
14224
14223
14222
14220
14219
14218
14217
14216
14214
14213
14211
14208
14207
14206
14200
14199
14198
14196
14194
14193
14192
14190
14189
14188
14187
14186
14183
14181
14180
14179
14177
14176
14173
14172
14170
14169
14168
14166
14163
14159
14157
14156
14154
14152
14150
14149
14148
14147
14146
14145
14144
14142
14138
14137
14136
14135
14134
14131
14129
14128
14127
14124
14123
14122
14121
14118
14117
14116
14114
14113
14111
14110
14109
14108
14106
14105
14104
14103
14101
14100
14095
14094
14093
14091
14090
14089
14088
14087
14085
14084
14083
14082
14080
14079
14078
14076
14075
14073
14072
14071
14068
14067
14064
14059
14057
14056
14054
14051
14050
14048
14047
14046
14042
14041
14040
14039
14038
14037
14036
14033
14031
14027
14025
14024
14020
14019
14017
14016
14015
14012
14011
14010
14009
14008
14007
14006
14005
14004
14003
14002
14001
14000
13999
13998
13997
13996
13995
13992
13991
13990
13986
13983
13982
13980
13979
13978
13977
13976
13975
13974
13972
13970
13969
13968
13966
13964
13962
13960
13959
13958
13957
13954
13953
13950
13948
13947
13946
13945
13944
13943
13942
13941
13938
13933
13932
13930
13928
13927
13923
13922
13921
13919
13918
13917
13914
13912
13911
13910
13908
13907
13905
13904
13903
13902
13901
13900
13898
13897
13896
13894
13892
13891
13889
13887
13886
13883
13882
13881
13880
13879
13876
13875
13873
13871
13870
13869
13866
13865
13864
13863
13861
13859
13858
13857
13856
13853
13852
13851
13850
13849
13848
13847
13846
13845
13844
13843
13842
13841
13840
13839
13838
13837
13834
13832
13830
13828
13827
13826
13825
13824
13823
13822
13821
13817
13816
13813
13811
13810
13809
13808
13807
13806
13805
13804
13799
13798
13795
13794
13793
13791
13789
13787
13784
13782
13780
13779
13773
13771
13770
13768
13767
13764
13761
13760
13759
13758
13757
13756
13754
13753
13751
13750
13747
13745
13744
13743
13740
13739
13737
13736
13734
13733
13732
13731
13729
13728
13727
13726
13722
13721
13719
13717
13716
13714
13713
13712
13711
13710
13709
13708
13707
13705
13703
13702
13700
13699
13697
13696
13695
13693
13689
13688
13686
13685
13684
13679
13678
13677
13676
13675
13674
13673
13672
13669
13668
13667
13665
13662
13660
13659
13655
13653
13652
13650
13649
13643
13642
13641
13639
13637
13636
13635
13632
13631
13630
13627
13626
13623
13622
13619
13618
13617
13616
13615
13612
13607
13605
13604
13602
13600
13599
13597
13595
13594
13592
13590
13589
13588
13587
13586
13584
13583
13581
13579
13577
13576
13575
13574
13572
13568
13566
13565
13564
13563
13562
13561
13560
13559
13558
13557
13556
13552
13551
13549
13547
13546
13543
13542
13538
13537
13534
13532
13530
13529
13527
13526
13523
13522
13518
13512
13511
13510
13509
13508
13507
13506
13505
13503
13502
13501
13500
13497
13495
13493
13491
13489
13488
13485
13484
13483
13481
13479
13478
13476
13475
13473
13471
13468
13467
13466
13465
13464
13463
13462
13461
13460
13459
13456
13454
13453
13451
13450
13449
13448
13447
13446
13445
13444
13443
13442
13439
13437
13434
13433
13431
13430
13429
13428
13427
13426
13425
13424
13423
13422
13419
13417
13415
13412
13410
13409
13407
13402
13401
13399
13398
13397
13396
13395
13394
13391
13390
13388
13387
13386
13385
13384
13383
13382
13380
13379
13377
13376
13373
13371
13369
13368
13367
13366
13365
13364
13363
13362
13361
13360
13359
13358
13356
13354
13351
13346
13345
13344
13343
13342
13339
13335
13333
13332
13330
13329
13327
13325
13324
13322
13321
13320
13319
13318
13317
13316
13315
13313
13311
13309
13308
13307
13306
13305
13304
13303
13302
13297
13295
13293
13292
13291
13289
13288
13286
13285
13284
13283
13282
13281
13273
13268
13266
13265
13264
13263
13262
13261
13259
13257
13256
13254
13253
13252
13251
13250
13248
13247
13245
13242
13241
13240
13238
13234
13233
13231
13227
13225
13221
13220
13219
13218
13217
13216
13214
13213
13212
13211
13210
13209
13208
13207
13206
13205
13203
13202
13201
13200
13199
13197
13196
13195
13194
13193
13192
13191
13190
13188
13187
13182
13181
13179
13178
13177
13176
13175
13174
13173
13172
13170
13169
13166
13165
13164
13162
13158
13157
13156
13154
13152
13151
13149
13148
13147
13146
13140
13138
13135
13133
13132
13129
13128
13126
13125
13124
13121
13120
13117
13116
13115
13114
13112
13111
13108
13106
13100
13099
13098
13097
13096
13094
13093
13092
13091
13089
13087
13086
13085
13084
13083
13082
13080
13078
13077
13076
13074
13073
13072
13071
13068
13067
13066
13064
13058
13056
13055
13054
13053
13050
13049
13048
13046
13045
13043
13042
13041
13040
13039
13037
13036
13034
13033
13032
13031
13026
13024
13020
13015
13014
13013
13012
13011
13010
13009
13008
13005
13004
13003
13000
12998
12997
12996
12993
12992
12991
12990
12989
12988
12987
12986
12984
12982
12981
12979
12978
12977
12976
12975
12974
12970
12969
12968
12965
12964
12963
12962
12961
12959
12954
12953
12947
12946
12945
12944
12941
12940
12939
12938
12937
12936
12933
12930
12929
12928
12927
12926
12925
12924
12923
12922
12921
12919
12916
12915
12914
12913
12910
12909
12908
12907
12906
12905
12904
12903
12901
12900
12897
12896
12894
12893
12892
12891
12890
12889
12888
12886
12884
12883
12881
12880
12879
12878
12876
12875
12874
12873
12872
12871
12870
12869
12868
12867
12862
12861
12858
12857
12856
12855
12854
12852
12851
12850
12849
12848
12845
12844
12843
12841
12840
12839
12838
12837
12836
12833
12832
12829
12826
12825
12821
12820
12818
12817
12815
12814
12813
12812
12811
12808
12805
12802
12801
12799
12797
12796
12794
12793
12790
12787
12786
12785
12783
12782
12780
12778
12777
12776
12773
12771
12770
12769
12768
12767
12765
12764
12763
12761
12760
12758
12757
12756
12755
12754
12753
12752
12751
12750
12749
12748
12747
12745
12744
12742
12741
12739
12737
12736
12735
12734
12733
12731
12728
12727
12724
12723
12722
12721
12720
12718
12717
12716
12714
12713
12711
12710
12707
12706
12704
12703
12702
12701
12699
12697
12694
12692
12691
12690
12689
12688
12686
12684
12680
12677
12676
12675
12672
12671
12670
12669
12667
12666
12665
12664
12663
12662
12661
12660
12659
12658
12655
12654
12653
12651
12649
12648
12647
12645
12644
12643
12642
12640
12638
12637
12636
12635
12634
12629
12628
12624
12623
12622
12620
12618
12617
12616
12615
12614
12613
12612
12611
12609
12608
12606
12604
12603
12601
12599
12598
12594
12592
12591
12590
12588
12587
12585
12583
12582
12580
12579
12576
12575
12571
12567
12566
12563
12561
12560
12559
12557
12555
12550
12549
12548
12546
12545
12542
12541
12539
12537
12536
12535
12532
12530
12529
12528
12525
12522
12520
12519
12518
12517
12516
12515
12514
12513
12511
12510
12508
12507
12506
12505
12503
12502
12501
12500
12499
12498
12495
12494
12493
12492
12488
12487
12486
12485
12483
12481
12476
12475
12473
12471
12470
12469
12468
12467
12466
12465
12462
12461
12459
12458
12457
12456
12455
12454
12453
12452
12450
12449
12446
12445
12443
12440
12439
12437
12436
12435
12430
12429
12428
12426
12425
12424
12420
12419
12418
12417
12416
12415
12414
12413
12411
12410
12408
12407
12405
12404
12403
12402
12401
12400
12399
12398
12397
12396
12393
12392
12390
12389
12388
12387
12386
12385
12383
12382
12381
12380
12379
12378
12377
12376
12375
12373
12372
12371
12370
12369
12368
12366
12365
12364
12361
12359
12358
12357
12354
12353
12351
12349
12348
12345
12344
12341
12339
12338
12337
12335
12334
12333
12332
12330
12329
12328
12327
12324
12323
12322
12320
12318
12317
12314
12313
12311
12310
12309
12307
12306
12305
12303
12302
12301
12300
12299
12298
12296
12295
12294
12292
12290
12289
12286
12285
12283
12280
12279
12273
12271
12270
12268
12267
12265
12264
12259
12258
12257
12256
12255
12254
12253
12252
12251
12250
12249
12248
12246
12245
12244
12243
12241
12240
12239
12238
12237
12236
12235
12234
12233
12232
12231
12229
12228
12227
12226
12224
12223
12222
12221
12220
12219
12218
12217
12216
12215
12213
12212
12210
12209
12208
12206
12205
12204
12203
12202
12201
12200
12198
12197
12196
12191
12190
12188
12186
12185
12184
12183
12182
12180
12177
12176
12172
12170
12168
12167
12166
12165
12163
12162
12161
12160
12155
12154
12153
12151
12149
12148
12142
12141
12140
12138
12136
12134
12133
12131
12130
12127
12126
12125
12124
12122
12120
12118
12116
12114
12113
12111
12110
12109
12108
12107
12106
12105
12104
12102
12101
12096
12095
12091
12090
12089
12088
12084
12083
12082
12081
12078
12074
12073
12070
12069
12068
12067
12065
12063
12059
12058
12055
12053
12052
12051
12049
12048
12045
12044
12043
12041
12040
12039
12038
12036
12035
12034
12031
12030
12027
12025
12024
12021
12019
12016
12012
12011
12010
12009
12008
12007
12004
12003
12002
12000
11999
11998
11996
11993
11992
11991
11990
11988
11986
11982
11981
11980
11979
11978
11977
11976
11975
11973
11972
11970
11968
11967
11964
11962
11961
11959
11958
11956
11955
11954
11953
11952
11951
11950
11949
11948
11947
11946
11944
11943
11941
11940
11939
11937
11936
11935
11934
11933
11930
11929
11928
11927
11926
11924
11923
11922
11921
11920
11918
11914
11913
11911
11909
11908
11907
11906
11905
11904
11903
11901
11900
11899
11897
11895
11893
11892
11891
11890
11889
11887
11886
11885
11884
11882
11880
11879
11877
11875
11874
11873
11869
11868
11867
11866
11865
11864
11862
11861
11860
11857
11856
11855
11851
11849
11847
11845
11841
11839
11838
11837
11835
11834
11832
11830
11828
11827
11825
11822
11820
11819
11816
11815
11814
11812
11810
11808
11805
11803
11801
11800
11799
11797
11796
11795
11793
11792
11791
11790
11789
11788
11785
11784
11783
11782
11781
11777
11776
11775
11773
11772
11771
11769
11767
11766
11765
11764
11763
11762
11761
11760
11758
11755
11753
11752
11749
11747
11746
11745
11744
11743
11741
11736
11735
11734
11732
11731
11730
11728
11727
11724
11723
11721
11720
11719
11718
11717
11716
11714
11713
11712
11711
11709
11708
11705
11703
11701
11700
11698
11694
11692
11691
11690
11689
11688
11686
11684
11683
11682
11680
11679
11678
11677
11676
11674
11673
11672
11671
11670
11669
11668
11667
11665
11664
11663
11661
11659
11657
11656
11652
11650
11648
11647
11646
11645
11643
11641
11640
11638
11636
11635
11633
11632
11631
11629
11628
11627
11625
11624
11623
11621
11620
11619
11614
11613
11612
11610
11608
11607
11606
11605
11604
11602
11601
11600
11599
11598
11597
11595
11594
11592
11590
11589
11586
11585
11583
11582
11581
11576
11575
11574
11571
11568
11567
11566
11564
11563
11562
11561
11560
11557
11555
11554
11553
11552
11551
11550
11549
11548
11546
11545
11544
11543
11541
11540
11537
11536
11535
11534
11531
11530
11529
11528
11527
11525
11524
11522
11521
11518
11517
11511
11509
11507
11505
11502
11501
11500
11499
11498
11497
11496
11495
11494
11493
11489
11488
11487
11478
11477
11476
11474
11473
11472
11469
11468
11466
11465
11464
11463
11462
11461
11457
11456
11455
11454
11453
11452
11451
11450
11449
11448
11445
11440
11438
11437
11436
11435
11434
11433
11432
11431
11430
11429
11428
11426
11425
11423
11422
11419
11417
11414
11413
11411
11410
11408
11407
11403
11399
11397
11395
11390
11389
11387
11386
11385
11384
11383
11381
11380
11378
11377
11375
11374
11371
11369
11367
11366
11364
11363
11361
11360
11359
11358
11357
11356
11355
11354
11353
11352
11351
11350
11349
11347
11345
11344
11342
11341
11339
11338
11337
11336
11335
11334
11332
11331
11329
11328
11327
11326
11325
11323
11322
11319
11317
11314
11311
11310
11309
11308
11307
11306
11305
11304
11303
11302
11301
11300
11299
11295
11294
11293
11292
11291
11288
11287
11286
11285
11284
11282
11281
11278
11277
11273
11272
11271
11266
11265
11263
11258
11254
11251
11248
11246
11244
11241
11239
11237
11235
11234
11232
11231
11229
11227
11226
11224
11223
11222
11220
11219
11218
11217
11216
11215
11211
11208
11205
11204
11200
11199
11198
11196
11194
11193
11192
11190
11187
11184
11183
11181
11180
11179
11178
11176
11175
11173
11172
11171
11170
11168
11167
11165
11164
11162
11161
11160
11158
11157
11156
11154
11153
11151
11150
11149
11148
11144
11142
11140
11137
11136
11132
11131
11129
11128
11127
11126
11125
11124
11123
11122
11120
11119
11116
11115
11113
11112
11111
11109
11108
11107
11105
11103
11101
11100
11099
11095
11093
11092
11091
11090
11089
11088
11087
11083
11081
11080
11079
11078
11077
11076
11074
11073
11071
11070
11069
11067
11066
11065
11064
11063
11061
11060
11058
11057
11056
11054
11053
11052
11050
11049
11047
11045
11044
11043
11042
11041
11038
11036
11035
11032
11031
11028
11027
11026
11025
11024
11023
11022
11020
11019
11018
11017
11016
11013
11012
11011
11010
11009
11008
11005
11004
11002
11001
10999
10997
10996
10995
10993
10992
10991
10990
10989
10984
10983
10982
10981
10979
10977
10976
10973
10972
10970
10969
10966
10965
10963
10962
10961
10959
10958
10955
10954
10952
10951
10950
10948
10947
10946
10945
10942
10940
10939
10938
10937
10936
10935
10934
10933
10932
10931
10927
10926
10925
10923
10922
10920
10918
10916
10915
10913
10911
10909
10908
10907
10906
10904
10903
10902
10899
10898
10897
10896
10894
10891
10890
10889
10888
10887
10886
10885
10884
10880
10879
10877
10874
10872
10870
10869
10868
10867
10866
10862
10861
10859
10858
10855
10854
10853
10852
10851
10850
10849
10848
10847
10844
10843
10841
10840
10838
10837
10836
10833
10832
10831
10830
10829
10828
10827
10826
10825
10824
10823
10822
10821
10820
10819
10818
10817
10816
10814
10813
10812
10811
10810
10809
10808
10807
10805
10803
10802
10800
10798
10797
10796
10795
10794
10793
10792
10791
10790
10787
10785
10784
10782
10780
10779
10775
10774
10773
10771
10770
10768
10765
10764
10762
10761
10759
10758
10756
10755
10752
10750
10749
10748
10747
10746
10745
10744
10743
10742
10741
10740
10736
10735
10734
10732
10731
10730
10729
10728
10727
10726
10724
10723
10722
10719
10718
10715
10714
10712
10711
10709
10708
10707
10706
10703
10702
10701
10700
10697
10696
10692
10690
10687
10686
10685
10684
10683
10682
10681
10680
10677
10675
10674
10673
10671
10668
10667
10666
10665
10664
10663
10662
10661
10660
10658
10652
10651
10650
10649
10648
10646
10644
10641
10639
10638
10636
10635
10634
10632
10631
10628
10626
10625
10624
10623
10622
10621
10620
10619
10618
10616
10614
10613
10612
10610
10609
10608
10607
10606
10605
10603
10602
10600
10599
10598
10597
10596
10595
10594
10593
10591
10590
10589
10588
10587
10586
10585
10582
10581
10580
10578
10576
10575
10572
10571
10569
10568
10567
10565
10564
10563
10562
10561
10560
10558
10556
10555
10553
10552
10548
10547
10546
10543
10541
10540
10539
10538
10536
10533
10531
10530
10527
10523
10522
10521
10520
10517
10515
10514
10513
10512
10511
10510
10508
10507
10506
10505
10502
10501
10497
10496
10495
10494
10493
10489
10488
10487
10486
10485
10484
10483
10481
10480
10479
10478
10477
10476
10473
10472
10471
10470
10467
10465
10464
10463
10461
10460
10459
10458
10457
10456
10453
10452
10450
10449
10448
10447
10446
10442
10441
10440
10439
10438
10437
10436
10435
10434
10433
10431
10429
10424
10422
10421
10419
10418
10417
10415
10414
10413
10412
10410
10406
10403
10402
10401
10400
10398
10397
10396
10394
10393
10392
10388
10387
10386
10384
10382
10381
10380
10379
10378
10371
10370
10369
10368
10365
10363
10361
10359
10358
10357
10356
10355
10353
10352
10351
10350
10349
10348
10347
10346
10344
10342
10341
10339
10338
10337
10335
10334
10333
10332
10331
10330
10329
10327
10326
10325
10324
10323
10322
10320
10319
10318
10315
10314
10303
10294
10293
10291
10289
10288
10286
10285
10284
10283
10282
10281
10280
10277
10274
10273
10272
10270
10269
10268
10267
10266
10265
10264
10262
10260
10259
10256
10255
10254
10253
10252
10251
10247
10244
10243
10242
10239
10237
10236
10235
10234
10231
10230
10228
10227
10226
10224
10223
10222
10220
10219
10216
10215
10214
10213
10212
10209
10208
10206
10205
10202
10201
10200
10194
10193
10192
10191
10188
10185
10184
10183
10182
10181
10178
10176
10174
10173
10172
10171
10170
10169
10168
10167
10166
10165
10164
10163
10160
10159
10158
10153
10152
10150
10149
10147
10146
10144
10143
10142
10140
10138
10136
10135
10133
10130
10129
10127
10125
10124
10123
10122
10121
10119
10118
10117
10116
10114
10111
10109
10108
10106
10105
10104
10102
10101
10099
10098
10097
10096
10093
10091
10089
10087
10086
10085
10083
10082
10081
10079
10078
10077
10076
10074
10072
10071
10068
10067
10064
10062
10060
10059
10058
10057
10056
10055
10052
10049
10048
10047
10046
10043
10041
10040
10039
10038
10037
10035
10034
10033
10031
10030
10029
10027
10025
10024
10022
10021
10020
10019
10018
10017
10016
10015
10011
10010
10006
10005
10004
10003
10001
9999
9998
9997
9996
9995
9993
9991
9990
9987
9985
9984
9983
9980
9979
9977
9976
9975
9974
9973
9972
9971
9969
9968
9967
9966
9965
9964
9963
9960
9959
9958
9957
9956
9955
9953
9951
9950
9949
9948
9945
9943
9942
9940
9938
9937
9936
9935
9934
9930
9929
9928
9927
9925
9923
9922
9920
9919
9917
9916
9915
9914
9913
9911
9910
9909
9907
9906
9905
9903
9902
9900
9899
9898
9894
9890
9887
9886
9885
9884
9882
9880
9878
9876
9874
9873
9871
9870
9869
9868
9867
9866
9865
9864
9860
9859
9856
9855
9854
9853
9851
9850
9849
9848
9846
9845
9844
9843
9841
9840
9837
9836
9835
9834
9833
9832
9831
9830
9829
9828
9827
9825
9824
9823
9822
9821
9820
9819
9816
9814
9812
9811
9809
9808
9807
9806
9802
9801
9800
9799
9798
9797
9796
9795
9794
9789
9788
9787
9786
9785
9784
9782
9781
9779
9778
9777
9775
9774
9772
9770
9768
9766
9765
9763
9762
9761
9758
9757
9756
9755
9753
9751
9750
9749
9748
9747
9745
9742
9740
9736
9733
9732
9731
9730
9727
9725
9723
9722
9720
9719
9718
9717
9715
9714
9712
9711
9710
9709
9708
9707
9704
9703
9702
9701
9698
9696
9695
9694
9693
9692
9689
9688
9687
9686
9683
9681
9678
9677
9676
9675
9674
9673
9671
9669
9666
9665
9664
9663
9662
9659
9657
9654
9652
9651
9648
9646
9645
9644
9643
9642
9641
9639
9638
9637
9634
9633
9631
9630
9629
9628
9627
9626
9624
9623
9622
9621
9620
9619
9618
9617
9615
9614
9613
9612
9611
9610
9609
9606
9604
9603
9600
9598
9595
9594
9593
9592
9591
9588
9587
9586
9585
9583
9582
9581
9576
9575
9574
9572
9571
9570
9569
9568
9566
9565
9564
9563
9561
9559
9558
9557
9556
9554
9553
9552
9551
9550
9549
9548
9546
9545
9544
9543
9541
9538
9537
9536
9535
9534
9532
9531
9530
9528
9525
9524
9523
9522
9518
9517
9515
9513
9512
9510
9509
9507
9504
9502
9501
9500
9498
9497
9496
9494
9493
9492
9491
9489
9486
9484
9482
9481
9480
9479
9478
9477
9476
9475
9473
9471
9470
9469
9468
9466
9465
9463
9462
9461
9458
9457
9456
9455
9454
9453
9451
9449
9448
9446
9441
9440
9439
9438
9435
9434
9432
9430
9429
9426
9425
9424
9422
9420
9419
9418
9417
9416
9414
9413
9411
9410
9409
9407
9404
9402
9401
9400
9399
9397
9395
9394
9393
9392
9389
9388
9384
9383
9382
9381
9380
9376
9373
9371
9367
9366
9365
9364
9363
9362
9361
9356
9355
9352
9349
9347
9346
9341
9339
9338
9337
9335
9334
9333
9332
9330
9327
9324
9323
9322
9319
9317
9316
9315
9313
9312
9311
9310
9309
9307
9306
9305
9304
9301
9299
9296
9294
9293
9291
9288
9286
9285
9284
9283
9282
9281
9279
9278
9277
9275
9274
9270
9268
9267
9264
9263
9262
9261
9259
9257
9256
9255
9254
9253
9251
9248
9247
9246
9245
9244
9243
9242
9237
9236
9235
9232
9231
9230
9229
9225
9224
9223
9221
9219
9217
9216
9215
9214
9213
9211
9210
9209
9208
9205
9204
9203
9202
9201
9200
9199
9197
9196
9194
9193
9192
9191
9190
9188
9187
9183
9182
9180
9179
9178
9177
9176
9175
9174
9173
9172
9170
9169
9168
9166
9163
9162
9161
9160
9159
9158
9157
9156
9155
9151
9149
9148
9145
9142
9140
9138
9137
9136
9135
9134
9132
9131
9130
9129
9128
9126
9125
9121
9120
9119
9118
9117
9116
9114
9113
9111
9110
9109
9106
9105
9104
9102
9101
9100
9099
9097
9096
9095
9094
9092
9090
9088
9087
9086
9085
9083
9081
9080
9079
9078
9077
9075
9073
9071
9070
9067
9063
9062
9061
9060
9058
9052
9051
9050
9048
9047
9045
9042
9041
9036
9034
9033
9032
9030
9029
9028
9027
9025
9022
9021
9020
9019
9016
9014
9011
9008
9004
9000
8999
8998
8997
8994
8993
8991
8990
8989
8988
8987
8986
8983
8981
8980
8978
8977
8976
8974
8971
8968
8965
8964
8963
8961
8960
8957
8954
8953
8952
8949
8948
8945
8944
8943
8940
8939
8934
8933
8932
8930
8927
8926
8925
8924
8923
8921
8917
8916
8914
8913
8911
8910
8909
8908
8907
8899
8898
8894
8892
8891
8890
8885
8883
8880
8879
8875
8873
8870
8867
8866
8865
8864
8862
8861
8860
8858
8853
8852
8850
8848
8847
8846
8844
8843
8839
8837
8836
8834
8833
8831
8830
8828
8827
8826
8825
8824
8823
8821
8820
8819
8818
8817
8816
8815
8814
8813
8811
8810
8809
8808
8807
8804
8803
8802
8800
8799
8798
8796
8792
8791
8790
8789
8788
8785
8782
8781
8780
8779
8778
8777
8776
8775
8774
8773
8772
8770
8769
8768
8767
8766
8764
8763
8762
8761
8759
8758
8757
8756
8755
8754
8753
8752
8751
8748
8747
8745
8744
8741
8738
8737
8736
8733
8732
8730
8729
8727
8725
8724
8723
8722
8720
8715
8714
8710
8709
8708
8707
8706
8701
8700
8699
8698
8697
8696
8693
8691
8689
8688
8687
8685
8684
8683
8682
8681
8680
8679
8678
8675
8674
8671
8670
8669
8668
8667
8666
8664
8663
8662
8660
8659
8658
8657
8655
8653
8652
8651
8650
8647
8646
8642
8641
8640
8639
8638
8637
8634
8633
8632
8630
8628
8626
8625
8624
8622
8621
8620
8619
8618
8617
8615
8613
8612
8611
8609
8608
8607
8605
8604
8602
8601
8597
8596
8595
8594
8593
8592
8591
8590
8589
8588
8587
8586
8585
8583
8580
8577
8576
8575
8574
8573
8568
8567
8566
8565
8564
8563
8561
8560
8559
8558
8557
8556
8552
8551
8550
8549
8548
8547
8546
8545
8544
8543
8541
8539
8537
8534
8533
8531
8530
8529
8528
8526
8522
8521
8520
8518
8515
8514
8513
8512
8511
8507
8505
8504
8503
8502
8501
8499
8497
8496
8494
8493
8491
8489
8488
8486
8485
8484
8481
8477
8475
8474
8473
8471
8470
8469
8468
8467
8466
8465
8464
8462
8460
8457
8456
8455
8454
8451
8449
8448
8445
8443
8442
8441
8439
8438
8437
8435
8434
8433
8432
8430
8428
8426
8425
8422
8421
8420
8419
8418
8417
8416
8415
8413
8411
8408
8407
8403
8402
8400
8399
8398
8397
8395
8393
8391
8390
8389
8388
8386
8385
8384
8383
8382
8380
8378
8377
8374
8373
8371
8370
8369
8368
8367
8365
8364
8363
8361
8360
8359
8358
8356
8354
8351
8350
8348
8346
8343
8342
8341
8338
8337
8336
8334
8333
8332
8331
8330
8329
8328
8327
8326
8322
8320
8316
8314
8313
8312
8311
8310
8308
8307
8305
8302
8300
8299
8298
8296
8295
8294
8293
8292
8291
8290
8287
8286
8285
8283
8282
8281
8280
8279
8278
8276
8275
8274
8272
8271
8269
8267
8266
8265
8264
8263
8261
8259
8258
8254
8253
8252
8251
8250
8249
8248
8246
8244
8243
8242
8238
8234
8233
8232
8230
8229
8228
8226
8225
8224
8223
8221
8220
8219
8218
8217
8215
8213
8212
8210
8209
8207
8206
8205
8204
8203
8202
8201
8200
8199
8197
8196
8195
8194
8193
8192
8190
8188
8187
8186
8184
8182
8181
8178
8175
8174
8173
8172
8170
8169
8168
8165
8164
8163
8162
8157
8156
8155
8154
8153
8152
8149
8148
8147
8145
8143
8141
8140
8138
8135
8134
8133
8132
8131
8129
8128
8127
8126
8125
8124
8123
8121
8118
8114
8108
8105
8101
8100
8099
8098
8097
8096
8095
8093
8092
8090
8089
8088
8086
8083
8081
8080
8079
8078
8076
8074
8073
8068
8064
8062
8060
8058
8056
8055
8053
8052
8051
8050
8048
8047
8046
8045
8043
8040
8038
8037
8036
8035
8031
8029
8026
8024
8023
8015
8014
8013
8012
8010
8008
8007
8006
8005
8003
8002
8001
7999
7998
7997
7994
7993
7991
7990
7987
7984
7983
7982
7981
7980
7979
7976
7974
7973
7972
7971
7968
7967
7966
7965
7963
7962
7960
7959
7958
7955
7954
7952
7951
7950
7948
7947
7946
7944
7943
7942
7941
7940
7939
7937
7936
7933
7932
7930
7929
7926
7924
7922
7919
7915
7914
7913
7910
7909
7908
7907
7906
7905
7902
7901
7898
7897
7896
7894
7892
7891
7890
7886
7885
7883
7882
7881
7880
7878
7876
7875
7873
7872
7871
7870
7869
7868
7867
7866
7864
7863
7862
7861
7860
7856
7855
7853
7852
7851
7850
7848
7845
7844
7843
7842
7839
7837
7836
7835
7832
7831
7828
7827
7826
7825
7824
7823
7822
7821
7820
7818
7816
7815
7813
7812
7811
7810
7809
7806
7805
7802
7801
7800
7798
7797
7795
7791
7790
7788
7787
7784
7783
7782
7780
7777
7776
7774
7773
7772
7769
7767
7766
7765
7764
7762
7761
7760
7759
7757
7756
7754
7753
7752
7751
7750
7749
7747
7745
7740
7739
7737
7736
7735
7734
7733
7732
7731
7730
7729
7728
7727
7726
7725
7723
7722
7721
7719
7718
7717
7716
7710
7708
7707
7706
7705
7704
7703
7702
7701
7699
7696
7695
7692
7690
7689
7688
7687
7684
7683
7682
7681
7680
7679
7678
7677
7675
7672
7671
7670
7668
7667
7666
7664
7661
7660
7658
7657
7656
7655
7653
7650
7649
7648
7647
7646
7645
7644
7643
7642
7641
7640
7639
7638
7635
7634
7633
7632
7631
7629
7628
7624
7623
7622
7620
7619
7618
7617
7616
7615
7612
7611
7610
7608
7607
7606
7605
7604
7601
7600
7599
7597
7596
7595
7594
7592
7591
7590
7589
7588
7586
7585
7582
7580
7579
7578
7577
7576
7574
7571
7570
7569
7568
7565
7564
7563
7562
7560
7558
7557
7556
7553
7552
7551
7550
7549
7548
7547
7545
7543
7542
7540
7538
7536
7535
7533
7532
7528
7525
7524
7523
7521
7520
7519
7518
7517
7515
7514
7513
7512
7510
7507
7506
7505
7501
7500
7497
7496
7495
7493
7492
7489
7488
7487
7485
7484
7481
7479
7478
7477
7476
7475
7474
7473
7471
7470
7469
7468
7466
7465
7462
7461
7460
7458
7457
7456
7455
7453
7451
7450
7449
7448
7446
7445
7444
7441
7437
7436
7435
7433
7431
7430
7429
7426
7425
7423
7422
7420
7415
7414
7412
7411
7409
7408
7406
7403
7402
7401
7399
7398
7397
7396
7395
7393
7392
7391
7390
7387
7386
7385
7384
7383
7382
7379
7378
7377
7376
7375
7373
7372
7371
7366
7365
7364
7361
7360
7359
7357
7356
7355
7354
7351
7350
7348
7346
7345
7344
7343
7342
7341
7340
7338
7336
7335
7333
7332
7330
7329
7327
7322
7319
7315
7314
7313
7310
7309
7308
7303
7302
7300
7298
7297
7295
7293
7291
7290
7289
7287
7286
7285
7284
7283
7282
7279
7278
7275
7274
7273
7272
7271
7270
7268
7266
7265
7263
7262
7259
7258
7257
7254
7253
7252
7249
7248
7246
7244
7242
7240
7239
7238
7237
7236
7235
7234
7233
7232
7231
7230
7229
7228
7227
7225
7224
7223
7222
7220
7219
7218
7217
7215
7213
7212
7211
7210
7208
7207
7206
7204
7203
7200
7199
7198
7197
7196
7195
7194
7193
7192
7191
7187
7186
7185
7184
7182
7181
7179
7178
7175
7174
7171
7169
7168
7167
7166
7165
7162
7161
7159
7158
7157
7156
7155
7153
7150
7149
7148
7147
7146
7145
7139
7138
7136
7134
7132
7129
7128
7126
7124
7123
7122
7119
7117
7114
7113
7112
7111
7110
7109
7106
7105
7104
7103
7102
7101
7100
7097
7096
7095
7092
7090
7089
7088
7086
7085
7083
7080
7078
7076
7075
7074
7073
7072
7071
7070
7069
7068
7067
7066
7064
7061
7059
7058
7057
7056
7055
7054
7052
7051
7050
7046
7045
7043
7042
7041
7039
7037
7035
7034
7032
7030
7029
7028
7027
7026
7025
7023
7021
7019
7018
7017
7015
7014
7013
7012
7011
7010
7009
7007
7006
7005
7004
7003
7000
6996
6994
6993
6992
6991
6987
6985
6984
6983
6981
6980
6979
6978
6977
6976
6975
6972
6967
6966
6965
6960
6959
6958
6956
6955
6954
6953
6952
6950
6949
6946
6945
6943
6942
6939
6938
6937
6935
6934
6933
6932
6925
6924
6923
6921
6920
6919
6918
6916
6915
6913
6912
6911
6910
6908
6906
6905
6904
6902
6900
6898
6897
6895
6894
6893
6892
6889
6888
6887
6883
6882
6880
6878
6877
6875
6874
6873
6872
6871
6870
6869
6867
6866
6865
6864
6863
6861
6860
6858
6857
6856
6854
6853
6849
6847
6846
6843
6842
6839
6838
6837
6835
6832
6831
6830
6827
6826
6824
6823
6822
6821
6820
6819
6818
6817
6816
6815
6810
6809
6807
6806
6805
6804
6802
6801
6799
6794
6793
6792
6790
6789
6787
6786
6781
6777
6774
6773
6772
6771
6770
6768
6767
6766
6765
6764
6762
6759
6758
6757
6756
6755
6754
6751
6750
6749
6748
6747
6746
6745
6744
6743
6742
6741
6738
6737
6736
6734
6731
6729
6728
6725
6724
6721
6720
6718
6716
6715
6713
6711
6708
6706
6705
6703
6702
6701
6700
6699
6698
6697
6696
6695
6693
6692
6690
6689
6688
6687
6685
6684
6681
6680
6679
6678
6677
6676
6674
6672
6671
6670
6668
6666
6664
6663
6662
6661
6660
6659
6658
6655
6654
6653
6650
6649
6648
6646
6645
6644
6642
6641
6639
6638
6637
6636
6633
6632
6631
6629
6628
6627
6626
6625
6623
6622
6621
6619
6616
6615
6613
6611
6610
6609
6608
6606
6605
6602
6599
6597
6594
6593
6592
6590
6588
6587
6586
6585
6583
6582
6581
6580
6578
6575
6574
6573
6572
6571
6570
6569
6568
6566
6565
6561
6560
6558
6556
6555
6554
6551
6550
6548
6547
6546
6545
6543
6541
6540
6535
6533
6532
6531
6529
6528
6526
6525
6524
6523
6521
6520
6519
6518
6516
6515
6513
6511
6510
6509
6506
6499
6498
6494
6493
6491
6490
6489
6488
6487
6486
6483
6482
6481
6479
6478
6477
6476
6475
6474
6471
6470
6469
6468
6462
6461
6460
6459
6458
6456
6455
6454
6453
6451
6449
6448
6447
6446
6444
6441
6440
6439
6437
6436
6435
6434
6433
6432
6431
6430
6429
6426
6424
6423
6422
6421
6419
6418
6417
6415
6414
6412
6410
6409
6407
6406
6404
6402
6401
6399
6397
6395
6394
6393
6392
6391
6387
6385
6383
6382
6381
6379
6378
6377
6375
6374
6373
6372
6371
6370
6368
6367
6366
6364
6363
6360
6359
6357
6356
6355
6353
6352
6351
6350
6349
6348
6347
6346
6345
6344
6343
6342
6340
6339
6337
6336
6335
6334
6333
6330
6328
6325
6324
6323
6322
6321
6320
6319
6318
6317
6315
6314
6313
6311
6310
6308
6307
6303
6301
6299
6298
6297
6289
6288
6287
6286
6285
6284
6283
6282
6280
6279
6276
6274
6273
6272
6271
6269
6266
6263
6262
6261
6257
6256
6255
6252
6251
6250
6246
6245
6244
6243
6240
6239
6237
6235
6234
6233
6232
6231
6230
6229
6226
6224
6221
6219
6218
6217
6216
6215
6214
6213
6211
6209
6207
6204
6203
6202
6201
6200
6199
6198
6197
6193
6192
6191
6189
6187
6183
6181
6179
6177
6176
6175
6171
6170
6168
6167
6164
6162
6161
6160
6158
6157
6155
6153
6151
6149
6146
6145
6141
6139
6138
6137
6136
6135
6133
6132
6131
6129
6128
6125
6123
6119
6118
6117
6116
6115
6114
6112
6110
6109
6108
6107
6106
6105
6103
6100
6099
6098
6097
6096
6095
6092
6091
6089
6088
6085
6084
6083
6082
6081
6079
6077
6076
6075
6074
6073
6071
6070
6069
6068
6067
6066
6065
6064
6061
6059
6058
6056
6051
6050
6048
6047
6042
6040
6039
6037
6034
6033
6031
6030
6029
6026
6025
6024
6022
6017
6016
6015
6014
6012
6011
6009
6008
6004
6003
6001
6000
5999
5998
5997
5996
5994
5992
5989
5988
5987
5986
5985
5984
5982
5980
5979
5976
5975
5973
5971
5969
5968
5967
5966
5964
5963
5961
5960
5959
5958
5957
5956
5952
5951
5949
5948
5947
5946
5943
5941
5938
5937
5934
5930
5928
5927
5926
5924
5923
5919
5918
5917
5914
5912
5910
5909
5908
5907
5906
5905
5904
5903
5901
5900
5899
5898
5897
5896
5895
5894
5892
5890
5889
5887
5886
5885
5884
5882
5880
5879
5878
5877
5874
5872
5871
5870
5869
5867
5865
5864
5863
5860
5859
5858
5857
5856
5855
5854
5853
5852
5851
5849
5848
5846
5845
5844
5843
5842
5841
5837
5836
5835
5834
5832
5831
5830
5829
5826
5825
5824
5822
5821
5820
5819
5818
5817
5816
5815
5811
5810
5809
5807
5806
5805
5802
5801
5800
5797
5796
5795
5793
5790
5789
5787
5781
5780
5777
5776
5775
5774
5773
5772
5770
5768
5767
5766
5763
5762
5761
5760
5759
5758
5756
5755
5754
5752
5751
5750
5746
5744
5742
5741
5738
5736
5735
5733
5731
5729
5728
5727
5726
5725
5724
5722
5721
5720
5718
5717
5716
5715
5713
5711
5710
5708
5706
5703
5701
5699
5697
5695
5694
5693
5691
5689
5688
5687
5685
5684
5683
5681
5680
5679
5678
5677
5676
5675
5674
5673
5671
5668
5666
5665
5664
5660
5659
5658
5657
5656
5653
5652
5650
5649
5648
5647
5646
5640
5638
5636
5633
5632
5631
5630
5629
5627
5626
5625
5624
5623
5622
5621
5620
5619
5618
5617
5616
5612
5611
5610
5609
5608
5607
5606
5604
5603
5601
5600
5598
5597
5596
5594
5593
5591
5589
5586
5585
5584
5583
5582
5579
5578
5577
5576
5574
5572
5571
5570
5569
5567
5565
5563
5562
5558
5556
5554
5551
5550
5549
5548
5541
5540
5539
5538
5535
5534
5532
5529
5528
5527
5526
5524
5522
5521
5520
5519
5515
5513
5512
5511
5509
5507
5506
5504
5503
5502
5501
5499
5498
5496
5494
5493
5492
5489
5487
5485
5483
5482
5481
5479
5477
5473
5471
5469
5463
5462
5461
5460
5458
5457
5453
5452
5450
5449
5447
5446
5445
5444
5442
5440
5438
5437
5436
5434
5433
5432
5430
5426
5424
5422
5420
5419
5417
5416
5415
5414
5413
5412
5411
5410
5409
5408
5407
5406
5404
5403
5402
5401
5400
5399
5398
5395
5391
5389
5388
5387
5386
5384
5381
5378
5376
5375
5374
5373
5372
5371
5370
5369
5365
5364
5361
5360
5358
5357
5356
5355
5354
5353
5351
5349
5347
5346
5345
5343
5342
5340
5339
5338
5336
5335
5333
5330
5329
5327
5326
5325
5324
5323
5320
5319
5315
5313
5312
5309
5307
5302
5301
5299
5296
5294
5293
5292
5290
5289
5287
5286
5283
5282
5281
5280
5278
5277
5276
5275
5274
5269
5267
5266
5265
5264
5263
5262
5261
5259
5257
5255
5254
5253
5252
5251
5250
5246
5245
5244
5242
5241
5240
5238
5236
5234
5232
5229
5228
5226
5225
5224
5223
5221
5218
5217
5216
5214
5213
5212
5211
5209
5207
5204
5203
5201
5199
5197
5196
5195
5194
5191
5190
5189
5188
5185
5184
5183
5181
5180
5179
5178
5177
5175
5171
5167
5166
5165
5164
5162
5160
5158
5157
5156
5155
5154
5152
5150
5149
5144
5143
5142
5138
5136
5135
5134
5133
5131
5129
5127
5126
5125
5124
5122
5121
5119
5118
5116
5114
5113
5112
5109
5101
5099
5098
5095
5093
5092
5091
5090
5088
5087
5086
5084
5083
5082
5081
5078
5077
5072
5071
5070
5068
5067
5066
5064
5063
5062
5061
5060
5059
5058
5057
5056
5053
5052
5050
5049
5048
5047
5045
5044
5043
5042
5040
5039
5038
5035
5034
5032
5031
5029
5027
5025
5020
5019
5018
5017
5016
5015
5014
5013
5011
5009
5007
5006
5005
5004
5003
5002
5000
4996
4995
4994
4991
4990
4989
4987
4986
4985
4983
4982
4979
4978
4976
4975
4974
4973
4972
4966
4965
4964
4963
4961
4960
4959
4958
4957
4956
4955
4954
4953
4951
4949
4948
4947
4944
4943
4941
4939
4938
4935
4934
4933
4932
4928
4927
4926
4925
4923
4921
4919
4918
4917
4916
4915
4914
4913
4910
4909
4908
4906
4905
4904
4902
4901
4900
4898
4897
4896
4895
4893
4892
4891
4890
4888
4887
4886
4885
4884
4883
4882
4880
4879
4878
4877
4875
4874
4873
4872
4869
4868
4867
4866
4864
4862
4861
4860
4859
4858
4857
4853
4852
4849
4847
4846
4845
4844
4839
4838
4836
4835
4834
4833
4831
4830
4829
4827
4826
4825
4824
4823
4822
4821
4820
4819
4817
4815
4814
4812
4811
4810
4809
4807
4805
4804
4801
4798
4796
4795
4794
4793
4792
4788
4786
4783
4782
4781
4778
4777
4776
4774
4773
4772
4771
4767
4766
4764
4763
4762
4761
4760
4759
4758
4757
4756
4754
4752
4751
4750
4748
4747
4745
4743
4742
4738
4736
4735
4734
4733
4732
4731
4730
4729
4726
4724
4723
4721
4720
4719
4717
4716
4715
4713
4709
4708
4707
4706
4703
4701
4699
4695
4693
4692
4691
4690
4689
4688
4687
4686
4685
4684
4682
4681
4680
4679
4678
4676
4675
4673
4672
4670
4669
4667
4666
4665
4664
4662
4660
4656
4652
4650
4649
4648
4646
4645
4644
4642
4640
4638
4637
4636
4635
4634
4633
4631
4630
4629
4628
4627
4625
4624
4622
4621
4620
4618
4616
4613
4612
4607
4605
4604
4602
4599
4597
4593
4588
4585
4584
4583
4582
4581
4580
4578
4577
4575
4574
4573
4572
4571
4570
4569
4566
4563
4561
4560
4559
4557
4556
4555
4554
4553
4552
4551
4549
4548
4547
4546
4545
4544
4542
4541
4540
4536
4534
4533
4530
4529
4526
4525
4524
4523
4522
4520
4518
4516
4514
4512
4511
4510
4509
4508
4507
4506
4505
4504
4503
4499
4498
4495
4494
4493
4491
4490
4489
4488
4487
4483
4482
4481
4479
4478
4474
4471
4470
4468
4467
4466
4465
4464
4463
4462
4461
4459
4456
4455
4454
4453
4452
4448
4447
4446
4445
4443
4441
4440
4437
4436
4434
4433
4432
4430
4429
4428
4427
4426
4425
4422
4421
4420
4419
4417
4416
4415
4414
4411
4409
4407
4406
4405
4404
4398
4397
4396
4395
4394
4393
4392
4390
4389
4388
4387
4385
4384
4382
4378
4377
4376
4374
4371
4369
4367
4366
4365
4362
4360
4358
4357
4356
4355
4354
4349
4345
4344
4343
4341
4340
4335
4334
4333
4332
4331
4330
4329
4328
4325
4323
4322
4321
4320
4319
4317
4316
4315
4314
4310
4309
4308
4307
4306
4305
4304
4301
4299
4298
4297
4296
4295
4294
4292
4289
4288
4284
4283
4280
4278
4277
4276
4272
4271
4270
4268
4267
4265
4264
4263
4262
4260
4257
4253
4252
4250
4249
4248
4246
4245
4242
4240
4239
4238
4235
4233
4231
4230
4228
4227
4226
4225
4224
4223
4222
4221
4220
4219
4218
4217
4215
4214
4213
4212
4211
4210
4209
4208
4207
4205
4204
4201
4200
4198
4197
4193
4192
4191
4190
4188
4187
4186
4185
4183
4182
4181
4180
4179
4178
4176
4175
4174
4173
4172
4171
4169
4167
4166
4165
4164
4163
4157
4156
4151
4150
4148
4146
4145
4144
4143
4141
4140
4139
4135
4133
4132
4131
4130
4129
4128
4127
4126
4125
4124
4123
4119
4117
4116
4115
4113
4112
4108
4107
4106
4105
4103
4102
4101
4100
4099
4098
4096
4094
4093
4092
4087
4086
4085
4084
4083
4079
4078
4077
4075
4074
4073
4072
4071
4070
4069
4068
4067
4065
4064
4063
4061
4059
4058
4057
4056
4055
4054
4053
4051
4050
4048
4046
4045
4044
4042
4040
4038
4037
4036
4035
4033
4032
4031
4030
4029
4028
4027
4026
4023
4022
4019
4018
4017
4016
4013
4012
4011
4007
4006
4005
4004
4003
4002
4001
4000
3999
3998
3997
3995
3994
3993
3992
3991
3990
3989
3988
3987
3986
3985
3982
3980
3979
3978
3977
3976
3975
3973
3970
3969
3968
3967
3965
3962
3961
3960
3957
3956
3955
3954
3953
3952
3950
3949
3948
3947
3945
3943
3942
3941
3940
3935
3933
3927
3924
3922
3921
3919
3918
3916
3915
3913
3912
3911
3909
3907
3906
3905
3902
3901
3899
3897
3895
3894
3891
3890
3889
3888
3887
3883
3882
3880
3876
3875
3874
3872
3871
3867
3865
3863
3862
3861
3859
3857
3855
3854
3853
3852
3850
3848
3847
3844
3843
3841
3840
3839
3838
3837
3835
3834
3832
3828
3827
3825
3822
3820
3817
3815
3813
3812
3811
3809
3806
3805
3804
3803
3801
3800
3799
3797
3796
3795
3792
3791
3790
3788
3787
3783
3782
3781
3780
3779
3778
3776
3775
3774
3772
3770
3769
3767
3766
3763
3760
3759
3756
3755
3754
3751
3750
3748
3747
3746
3745
3744
3743
3742
3740
3739
3738
3736
3735
3734
3732
3731
3728
3726
3725
3724
3723
3722
3721
3717
3713
3711
3709
3707
3706
3704
3703
3700
3699
3698
3696
3691
3690
3689
3688
3687
3686
3685
3683
3682
3680
3678
3677
3675
3674
3673
3671
3668
3667
3666
3665
3662
3660
3657
3655
3654
3653
3652
3651
3650
3648
3647
3646
3645
3643
3640
3633
3632
3630
3629
3628
3627
3625
3622
3620
3618
3617
3616
3612
3611
3610
3609
3608
3605
3604
3602
3597
3595
3592
3591
3590
3588
3586
3585
3584
3583
3580
3579
3578
3576
3575
3574
3572
3570
3569
3568
3565
3564
3563
3562
3560
3558
3557
3550
3549
3548
3544
3543
3542
3540
3539
3538
3537
3534
3533
3531
3530
3529
3527
3526
3523
3519
3518
3516
3515
3514
3513
3512
3511
3510
3509
3508
3507
3504
3503
3502
3501
3500
3499
3496
3495
3494
3492
3491
3490
3487
3486
3485
3484
3483
3477
3473
3472
3469
3467
3466
3464
3462
3459
3458
3457
3454
3453
3452
3451
3450
3448
3447
3445
3444
3442
3441
3440
3438
3436
3434
3433
3430
3428
3427
3426
3425
3424
3422
3421
3420
3415
3414
3412
3411
3410
3409
3407
3406
3405
3403
3402
3399
3397
3395
3394
3393
3391
3389
3388
3387
3383
3381
3380
3376
3374
3372
3371
3370
3369
3366
3365
3364
3362
3361
3359
3358
3356
3354
3353
3352
3350
3349
3348
3347
3346
3345
3344
3342
3340
3337
3335
3333
3331
3330
3329
3324
3322
3321
3320
3316
3315
3314
3313
3312
3311
3310
3309
3308
3304
3302
3301
3299
3297
3296
3295
3294
3291
3290
3289
3288
3287
3285
3284
3281
3280
3278
3277
3275
3273
3270
3268
3267
3265
3263
3261
3260
3257
3253
3252
3249
3247
3246
3245
3244
3242
3240
3239
3237
3236
3232
3229
3227
3226
3223
3222
3221
3219
3218
3217
3215
3213
3212
3211
3210
3208
3207
3206
3201
3200
3199
3198
3197
3196
3194
3192
3190
3187
3186
3185
3184
3182
3181
3180
3178
3177
3173
3172
3170
3169
3168
3166
3165
3162
3160
3158
3157
3156
3155
3153
3152
3151
3150
3149
3148
3147
3146
3145
3142
3141
3135
3134
3133
3132
3129
3128
3126
3123
3121
3119
3118
3117
3116
3113
3110
3109
3108
3105
3104
3103
3102
3100
3099
3097
3095
3094
3093
3091
3090
3089
3088
3087
3086
3085
3084
3082
3081
3080
3078
3077
3075
3074
3073
3072
3070
3069
3068
3066
3065
3063
3060
3059
3058
3057
3056
3054
3053
3052
3050
3049
3045
3044
3042
3041
3038
3037
3036
3035
3034
3032
3031
3030
3028
3027
3025
3024
3023
3022
3021
3019
3015
3014
3010
3009
3008
3007
3004
3002
2999
2998
2996
2994
2993
2992
2991
2990
2989
2988
2986
2985
2984
2983
2982
2979
2978
2976
2975
2973
2971
2970
2969
2968
2967
2965
2964
2960
2959
2958
2956
2955
2954
2953
2952
2951
2950
2949
2948
2946
2944
2943
2942
2941
2939
2938
2937
2936
2935
2934
2930
2929
2928
2927
2926
2924
2923
2922
2919
2916
2915
2913
2912
2910
2909
2908
2907
2906
2905
2903
2902
2901
2900
2896
2895
2894
2893
2888
2885
2884
2883
2882
2879
2877
2876
2875
2873
2872
2869
2868
2867
2866
2865
2863
2862
2861
2860
2859
2858
2855
2854
2853
2852
2851
2850
2849
2848
2847
2845
2844
2842
2838
2837
2836
2835
2834
2833
2832
2830
2828
2827
2826
2821
2820
2819
2816
2815
2813
2811
2810
2809
2807
2806
2805
2803
2801
2799
2795
2794
2793
2792
2791
2790
2789
2788
2787
2786
2785
2784
2782
2780
2779
2778
2776
2773
2771
2767
2766
2763
2762
2761
2760
2758
2756
2754
2753
2751
2750
2749
2748
2747
2746
2745
2744
2743
2742
2741
2740
2739
2738
2737
2736
2735
2734
2730
2729
2728
2727
2726
2725
2723
2722
2720
2718
2717
2716
2715
2714
2713
2712
2710
2709
2708
2707
2706
2705
2703
2702
2700
2699
2697
2696
2695
2694
2693
2692
2691
2690
2689
2686
2685
2684
2683
2681
2679
2678
2676
2674
2671
2670
2666
2665
2664
2663
2662
2658
2657
2656
2655
2654
2653
2652
2651
2649
2648
2647
2646
2645
2644
2643
2642
2641
2640
2639
2638
2637
2636
2633
2631
2630
2629
2628
2627
2626
2624
2623
2622
2621
2620
2619
2618
2617
2616
2614
2613
2612
2611
2610
2609
2608
2607
2605
2603
2602
2601
2600
2599
2598
2597
2596
2595
2594
2593
2592
2590
2588
2586
2585
2584
2583
2581
2580
2579
2577
2576
2575
2574
2573
2572
2571
2570
2569
2568
2567
2565
2564
2563
2562
2560
2559
2558
2557
2556
2555
2554
2553
2551
2550
2549
2545
2543
2542
2541
2540
2539
2538
2537
2536
2535
2534
2533
2532
2531
2530
2529
2528
2527
2526
2525
2524
2522
2521
2520
2519
2518
2516
2515
2513
2512
2511
2510
2509
2508
2507
2505
2504
2503
2501
2500
2499
2498
2495
2493
2492
2491
2490
2489
2488
2487
2485
2484
2482
2481
2480
2479
2478
2477
2476
2475
2473
2472
2469
2468
2466
2465
2461
2460
2458
2455
2454
2453
2451
2450
2449
2447
2446
2445
2444
2442
2441
2439
2436
2435
2434
2433
2432
2431
2430
2429
2428
2427
2426
2424
2423
2422
2421
2419
2418
2416
2415
2414
2413
2412
2410
2408
2407
2406
2405
2404
2403
2402
2401
2400
2399
2398
2397
2396
2394
2393
2392
2390
2389
2388
2386
2385
2384
2383
2382
2380
2379
2378
2377
2376
2375
2374
2373
2372
2371
2370
2369
2368
2366
2365
2364
2363
2362
2360
2358
2357
2356
2355
2353
2352
2351
2350
2348
2347
2346
2345
2343
2342
2341
2340
2339
2337
2336
2335
2333
2331
2330
2329
2328
2327
2326
2325
2324
2321
2320
2319
2318
2317
2316
2315
2314
2313
2312
2311
2310
2309
2308
2307
2306
2305
2304
2303
2301
2298
2297
2296
2295
2293
2291
2290
2288
2286
2285
2284
2283
2282
2281
2280
2279
2278
2277
2276
2275
2273
2272
2271
2270
2269
2268
2267
2265
2264
2263
2262
2261
2260
2258
2257
2255
2254
2253
2251
2250
2249
2247
2246
2245
2244
2243
2240
2239
2238
2237
2235
2234
2233
2232
2231
2230
2228
2227
2225
2224
2223
2222
2219
2218
2217
2216
2215
2212
2209
2208
2207
2206
2205
2202
2200
2199
2198
2195
2194
2193
2192
2191
2190
2188
2187
2185
2184
2183
2180
2179
2178
2177
2176
2175
2174
2173
2170
2169
2168
2167
2166
2165
2164
2163
2162
2161
2160
2159
2154
2153
2152
2150
2149
2147
2146
2144
2143
2141
2140
2139
2138
2137
2136
2135
2134
2133
2132
2130
2129
2128
2126
2125
2124
2122
2121
2118
2117
2115
2114
2112
2111
2110
2109
2108
2107
2106
2105
2104
2102
2100
2097
2096
2095
2094
2093
2092
2091
2090
2089
2087
2085
2084
2083
2082
2081
2080
2079
2078
2077
2076
2075
2074
2073
2072
2071
2070
2069
2068
2066
2064
2063
2061
2060
2059
2058
2057
2055
2054
2053
2052
2051
2050
2048
2047
2044
2043
2042
2041
2040
2039
2038
2037
2036
2035
2034
2032
2031
2030
2029
2028
2027
2026
2025
2024
2023
2022
2021
2020
2018
2017
2016
2015
2014
2013
2011
2008
2007
2006
2004
2002
2001
2000
1999
1998
1996
1994
1993
1992
1990
1989
1987
1986
1985
1984
1983
1982
1981
1979
1978
1976
1974
1973
1972
1969
1968
1966
1965
1964
1963
1962
1961
1959
1958
1957
1954
1953
1952
1951
1950
1949
1948
1947
1946
1945
1944
1943
1942
1941
1940
1939
1937
1936
1935
1933
1932
1931
1930
1928
1925
1924
1923
1922
1921
1920
1919
1917
1916
1914
1913
1912
1911
1910
1909
1908
1907
1905
1904
1903
1902
1901
1898
1897
1896
1895
1894
1892
1891
1890
1889
1888
1887
1886
1885
1884
1883
1882
1881
1880
1879
1878
1877
1876
1874
1873
1871
1870
1869
1868
1867
1866
1865
1864
1863
1862
1860
1859
1858
1857
1856
1855
1854
1851
1850
1849
1848
1847
1844
1843
1842
1841
1840
1839
1838
1837
1836
1835
1834
1833
1832
1831
1830
1829
1827
1826
1824
1823
1822
1820
1819
1818
1817
1816
1815
1814
1813
1812
1811
1809
1808
1807
1806
1804
1803
1800
1799
1798
1797
1796
1794
1793
1792
1791
1790
1788
1787
1786
1785
1784
1783
1782
1780
1779
1778
1777
1776
1775
1774
1773
1772
1771
1767
1765
1764
1763
1762
1761
1760
1759
1758
1757
1756
1754
1752
1751
1750
1749
1748
1747
1746
1745
1744
1743
1742
1741
1739
1737
1736
1735
1734
1733
1731
1730
1729
1728
1727
1726
1725
1724
1723
1722
1719
1718
1717
1716
1714
1713
1709
1708
1706
1705
1704
1703
1702
1701
1700
1699
1698
1697
1696
1694
1693
1692
1689
1688
1687
1686
1683
1682
1681
1680
1678
1677
1676
1675
1674
1673
1672
1671
1670
1668
1667
1666
1665
1664
1663
1662
1660
1658
1657
1655
1653
1652
1651
1649
1648
1645
1644
1643
1641
1640
1639
1637
1636
1635
1634
1633
1632
1631
1630
1629
1627
1625
1624
1622
1620
1619
1618
1617
1615
1614
1613
1612
1611
1610
1608
1606
1604
1602
1601
1599
1598
1597
1596
1595
1594
1593
1591
1590
1589
1588
1587
1586
1585
1584
1583
1582
1581
1580
1579
1578
1576
1575
1574
1573
1572
1571
1570
1569
1568
1567
1565
1564
1561
1560
1559
1558
1557
1556
1555
1554
1552
1551
1550
1549
1547
1545
1543
1542
1540
1539
1538
1537
1536
1535
1534
1533
1532
1531
1530
1527
1526
1524
1523
1519
1517
1515
1514
1513
1512
1511
1510
1508
1507
1506
1505
1502
1501
1500
1499
1498
1497
1496
1495
1493
1491
1489
1488
1487
1486
1484
1481
1480
1479
1478
1477
1476
1475
1474
1473
1470
1469
1468
1467
1466
1465
1464
1463
1462
1461
1459
1458
1456
1455
1454
1453
1452
1451
1450
1449
1447
1446
1444
1443
1442
1441
1440
1439
1438
1437
1435
1434
1433
1432
1431
1430
1429
1428
1427
1425
1424
1423
1422
1421
1420
1419
1416
1414
1413
1412
1411
1410
1408
1407
1406
1405
1402
1401
1400
1398
1397
1396
1395
1394
1393
1392
1391
1390
1389
1384
1383
1382
1381
1379
1376
1375
1374
1372
1370
1368
1366
1362
1361
1360
1359
1358
1357
1356
1355
1353
1352
1351
1350
1349
1346
1345
1344
1343
1342
1340
1339
1338
1337
1336
1335
1334
1333
1332
1331
1330
1329
1328
1326
1325
1324
1323
1321
1319
1318
1317
1316
1314
1313
1311
1310
1309
1308
1307
1305
1304
1303
1302
1301
1300
1299
1297
1296
1295
1293
1292
1290
1289
1288
1287
1286
1285
1284
1283
1282
1281
1280
1279
1277
1274
1273
1271
1270
1268
1267
1266
1265
1264
1262
1261
1259
1258
1257
1256
1255
1254
1253
1252
1251
1250
1248
1245
1244
1243
1242
1241
1240
1239
1238
1237
1236
1235
1233
1232
1231
1230
1229
1228
1227
1226
1225
1224
1223
1221
1220
1219
1218
1217
1216
1215
1214
1213
1211
1210
1209
1208
1206
1205
1203
1201
1200
1199
1198
1197
1196
1193
1192
1191
1190
1188
1185
1183
1182
1181
1179
1178
1177
1176
1175
1174
1173
1172
1170
1168
1167
1166
1165
1164
1163
1162
1161
1160
1159
1158
1157
1155
1153
1152
1151
1150
1149
1148
1147
1146
1144
1143
1141
1140
1138
1137
1136
1134
1133
1132
1130
1129
1128
1126
1124
1123
1120
1119
1118
1117
1116
1115
1114
1113
1112
1111
1110
1108
1107
1106
1104
1101
1100
1099
1098
1096
1095
1092
1089
1088
1087
1086
1085
1084
1083
1082
1081
1080
1078
1077
1074
1073
1071
1070
1069
1068
1067
1066
1063
1062
1061
1060
1058
1057
1056
1055
1054
1053
1052
1051
1050
1049
1048
1047
1046
1045
1043
1042
1041
1040
1039
1038
1037
1036
1035
1034
1032
1031
1030
1029
1028
1027
1026
1025
1023
1022
1020
1019
1018
1016
1015
1014
1012
1010
1009
1006
1004
1003
1002
1001
1000
999
997
996
995
994
993
992
990
989
988
987
984
983
982
981
980
977
974
973
971
969
968
967
966
965
964
963
962
961
960
959
958
956
955
954
953
952
951
950
949
948
946
945
944
943
942
941
940
939
938
936
935
934
933
931
930
929
928
927
926
924
923
921
919
918
916
915
914
911
910
909
908
907
906
905
903
902
901
900
899
898
897
896
894
893
892
891
890
888
887
886
885
884
883
881
879
878
875
874
873
872
871
870
869
868
867
864
862
861
860
856
855
854
853
852
851
849
848
846
845
844
842
840
839
838
837
835
834
833
832
831
830
829
827
826
824
823
822
820
819
817
816
815
814
813
812
811
810
809
808
806
805
804
803
802
801
799
798
796
795
793
792
790
789
787
786
785
784
783
782
781
779
778
777
774
773
772
771
770
769
768
766
765
763
759
756
755
754
752
751
749
748
747
746
745
744
742
739
738
737
736
735
733
732
731
730
729
728
726
725
723
722
721
720
719
718
717
716
715
714
713
712
711
710
709
707
705
703
701
700
699
698
697
695
694
693
692
691
690
689
688
687
686
685
681
680
679
678
677
675
674
671
670
669
667
666
664
663
662
661
660
659
658
657
656
654
653
652
651
650
649
648
647
646
644
643
642
641
640
637
636
634
633
632
631
630
628
627
625
624
622
621
620
619
618
616
615
614
613
612
611
610
609
608
607
606
605
603
600
598
597
596
595
594
593
592
591
590
588
587
586
585
584
582
581
580
578
577
576
575
574
573
572
571
569
568
567
566
565
564
563
562
561
560
558
557
556
555
554
553
551
550
549
548
547
545
544
543
542
541
540
538
537
536
533
532
531
530
529
528
527
526
524
523
522
521
520
518
517
515
514
513
512
511
510
508
507
506
505
502
501
500
498
496
495
494
492
490
489
487
486
484
483
482
481
480
479
478
477
476
475
474
473
472
471
470
469
468
466
465
464
463
462
461
459
457
456
455
454
453
452
451
450
449
447
446
445
444
443
442
441
440
439
437
435
434
432
431
429
428
427
426
425
423
420
418
417
415
414
412
411
410
408
407
406
405
404
402
401
400
399
398
397
396
395
394
392
391
390
389
388
387
385
384
383
382
381
380
379
378
377
376
375
374
373
371
369
368
367
366
365
363
362
360
358
356
355
354
353
350
348
347
346
345
344
343
342
341
340
338
337
336
335
334
333
332
331
330
329
328
327
325
324
323
322
321
320
319
318
317
316
315
314
310
309
308
307
306
304
303
302
301
300
299
298
297
295
294
292
291
290
287
286
285
284
283
281
279
278
277
275
274
271
270
269
267
266
265
264
262
260
259
258
257
256
255
254
253
251
250
249
247
246
245
244
243
242
241
239
238
237
235
234
233
232
231
230
228
227
225
223
222
213
212
211
210
209
208
206
205
204
203
202
201
200
199
198
197
196
195
194
193
192
190
189
186
185
183
182
181
180
178
177
176
175
174
173
172
171
170
169
168
167
166
165
164
163
162
161
160
159
158
157
155
152
151
149
148
147
146
144
142
141
140
139
138
137
136
135
134
132
131
130
129
127
126
123
122
121
118
117
116
115
114
113
110
109
108
107
105
104
101
100
99
98
97
96
93
92
91
90
89
88
87
86
85
83
82
81
80
79
78
77
76
75
74
73
72
71
70
69
68
67
66
65
64
62
61
60
59
58
57
56
55
54
52
51
50
49
47
46
44
43
42
41
40
39
38
37
36
35
34
33
32
31
30
29
28
27
26
25
24
23
22
20
19
18
17
15
14
12
11
10
7
6
5
4
2
